NAME : local_2
TYPE : ATSP
DIMENSION : 13
EDGE_WEIGHT_TYPE : EXPLICIT
EDGE_WEIGHT_FORMAT : FULL_MATRIX
EDGE_WEIGHT_SECTION
0 965 10000000 938 10000000 10000000 459 10000000 10000000 10000000 10000000 10000000 804 
0 0 778 10000000 10000000 10000000 614 172 676 490 418 847 524 
0 778 0 832 10000000 10000000 10000000 764 10000000 657 1052 442 1242 
0 10000000 832 0 644 586 10000000 10000000 10000000 10000000 10000000 393 10000000 
0 10000000 10000000 644 0 144 10000000 10000000 10000000 10000000 10000000 10000000 10000000 
0 10000000 10000000 586 144 0 10000000 10000000 10000000 10000000 10000000 963 10000000 
0 614 10000000 10000000 10000000 10000000 0 760 10000000 10000000 549 1045 346 
0 172 764 10000000 10000000 10000000 760 0 529 339 437 918 604 
0 676 10000000 10000000 10000000 10000000 10000000 529 0 487 574 10000000 813 
0 490 657 10000000 10000000 10000000 10000000 339 487 0 696 951 867 
0 418 1063 10000000 10000000 10000000 549 437 574 696 0 10000000 262 
0 847 442 393 10000000 963 1057 918 10000000 951 10000000 0 10000000 
0 524 1082 10000000 10000000 10000000 346 604 813 867 262 10000000 0 
EOF